Job : Mage
Sexe : Femelle
Hairstyle : 4 (celle par défaut)


struct CBCommanderCreate {
	WORD packetType;
	int paquetSequence;
	WORD checksum;
	WORD unk1;
	char unk2; // Always = 1
	char characterName[65];
	char jobId;
	char gender;
	char unk3[6];
	int unk4;
	char hairId;
}

07 00 0C 00 00 00 F9 01 00 00 01 5A 5A 5A 5A 00 00 00 00 00 00 00 00 00 00 00 00 00 00 00 00 00 00 00 00 00 00 00 00 00 00 00 00 00 00 00 00 00 00 00 00 00 00 00 00 00 00 00 00 00 00 00 00 00 00 00 00 00 00 00 00 00 00 00 00 00 02 02 00 00 B8 C1 BE 1F DE 41 00 00 00 42 04               
07 00 0D 00 00 00 00 02 00 00 01 5A 5A 5A 5A 00 00 00 00 00 00 00 00 00 00 00 00 00 00 00 00 00 00 00 00 00 00 00 00 00 00 00 00 00 00 00 00 00 00 00 00 00 00 00 00 00 00 00 00 00 00 00 00 00 00 00 00 00 00 00 00 00 00 00 00 00 02 02 00 00 3C C2 34 00 B0 41 00 00 44 42 04               
07 00 0E 00 00 00 3D 02 00 00 01 5A 5A 5A 5A 00 00 00 00 00 00 00 00 00 00 00 00 00 00 00 00 00 00 00 00 00 00 00 00 00 00 00 00 00 00 00 00 00 00 00 00 00 00 00 00 00 00 00 00 00 00 00 00 00 00 00 00 00 00 00 00 00 00 00 00 00 02 02 00 00 30 41 34 00 B0 41 00 00 80 BF 04               
07 00 0F 00 00 00 6D 01 00 00 01 5A 5A 5A 5A 00 00 00 00 00 00 00 00 00 00 00 00 00 00 00 00 00 00 00 00 00 00 00 00 00 00 00 00 00 00 00 00 00 00 00 00 00 00 00 00 00 00 00 00 00 00 00 00 00 00 00 00 00 00 00 00 00 00 00 00 00 02 02 00 00 34 C2 34 00 B0 41 00 00 A8 41 04               
07 00 10 00 00 00 A4 02 00 00 01 5A 5A 5A 5A 00 00 00 00 00 00 00 00 00 00 00 00 00 00 00 00 00 00 00 00 00 00 00 00 00 00 00 00 00 00 00 00 00 00 00 00 00 00 00 00 00 00 00 00 00 00 00 00 00 00 00 00 00 00 00 00 00 00 00 00 00 02 02 00 00 44 C2 4C BE 90 41 00 00 40 C1 04               
07 00 11 00 00 00 2F 02 00 00 01 5A 5A 5A 5A 00 00 00 00 00 00 00 00 00 00 00 00 00 00 00 00 00 00 00 00 00 00 00 00 00 00 00 00 00 00 00 00 00 00 00 00 00 00 00 00 00 00 00 00 00 00 00 00 00 00 00 00 00 00 00 00 00 00 00 00 00 02 02 00 00 34 C2 34 00 B0 41 00 00 80 41 04               
07 00 12 00 00 00 B5 01 00 00 01 5A 5A 5A 5A 00 00 00 00 00 00 00 00 00 00 00 00 00 00 00 00 00 00 00 00 00 00 00 00 00 00 00 00 00 00 00 00 00 00 00 00 00 00 00 00 00 00 00 00 00 00 00 00 00 00 00 00 00 00 00 00 00 00 00 00 00 02 02 00 00 00 C2 34 00 B0 41 00 00 30 42 04               
07 00 13 00 00 00 B3 03 00 00 01 5A 5A 5A 5A 00 00 00 00 00 00 00 00 00 00 00 00 00 00 00 00 00 00 00 00 00 00 00 00 00 00 00 00 00 00 00 00 00 00 00 00 00 00 00 00 00 00 00 00 00 00 00 00 00 00 00 00 00 00 00 00 00 00 00 00 00 02 02 00 00 34 C2 60 67 AE 41 00 00 2C C2 04               
07 00 14 00 00 00 04 02 00 00 01 5A 5A 5A 5A 00 00 00 00 00 00 00 00 00 00 00 00 00 00 00 00 00 00 00 00 00 00 00 00 00 00 00 00 00 00 00 00 00 00 00 00 00 00 00 00 00 00 00 00 00 00 00 00 00 00 00 00 00 00 00 00 00 00 00 00 00 02 02 00 00 F0 41 34 00 B0 41 00 00 00 C0 04               
07 00 15 00 00 00 D2 00 00 00 01 5A 5A 5A 5A 00 00 00 00 00 00 00 00 00 00 00 00 00 00 00 00 00 00 00 00 00 00 00 00 00 00 00 00 00 00 00 00 00 00 00 00 00 00 00 00 00 00 00 00 00 00 00 00 00 00 00 00 00 00 00 00 00 00 00 00 00 02 02 00 00 98 41 85 AA 8F 41 00 00 60 C1 04               
07 00 16 00 00 00 4C 01 00 00 01 5A 5A 5A 5A 00 00 00 00 00 00 00 00 00 00 00 00 00 00 00 00 00 00 00 00 00 00 00 00 00 00 00 00 00 00 00 00 00 00 00 00 00 00 00 00 00 00 00 00 00 00 00 00 00 00 00 00 00 00 00 00 00 00 00 00 00 02 02 00 00 E0 41 34 00 B0 41 00 00 34 42 04               
07 00 17 00 00 00 05 01 00 00 01 5A 5A 5A 5A 00 00 00 00 00 00 00 00 00 00 00 00 00 00 00 00 00 00 00 00 00 00 00 00 00 00 00 00 00 00 00 00 00 00 00 00 00 00 00 00 00 00 00 00 00 00 00 00 00 00 00 00 00 00 00 00 00 00 00 00 00 02 02 00 00 50 41 DA DA 89 41 00 00 80 C1 04               
07 00 18 00 00 00 D2 01 00 00 01 5A 5A 5A 5A 00 00 00 00 00 00 00 00 00 00 00 00 00 00 00 00 00 00 00 00 00 00 00 00 00 00 00 00 00 00 00 00 00 00 00 00 00 00 00 00 00 00 00 00 00 00 00 00 00 00 00 00 00 00 00 00 00 00 00 00 00 02 02 00 00 F0 41 34 00 B0 41 00 00 40 42 04               
07 00 19 00 00 00 7E 00 00 00 01 5A 5A 5A 5A 00 00 00 00 00 00 00 00 00 00 00 00 00 00 00 00 00 00 00 00 00 00 00 00 00 00 00 00 00 00 00 00 00 00 00 00 00 00 00 00 00 00 00 00 00 00 00 00 00 00 00 00 00 00 00 00 00 00 00 00 00 02 02 00 00 3C C2 34 00 B0 41 00 00 A0 40 04               
07 00 1A 00 00 00 7B 02 00 00 01 5A 5A 5A 5A 00 00 00 00 00 00 00 00 00 00 00 00 00 00 00 00 00 00 00 00 00 00 00 00 00 00 00 00 00 00 00 00 00 00 00 00 00 00 00 00 00 00 00 00 00 00 00 00 00 00 00 00 00 00 00 00 00 00 00 00 00 02 02 00 00 3C 42 0B 64 02 42 00 00 00 C2 04               
07 00 1B 00 00 00 9B 01 00 00 01 5A 5A 5A 5A 00 00 00 00 00 00 00 00 00 00 00 00 00 00 00 00 00 00 00 00 00 00 00 00 00 00 00 00 00 00 00 00 00 00 00 00 00 00 00 00 00 00 00 00 00 00 00 00 00 00 00 00 00 00 00 00 00 00 00 00 00 02 02 00 00 B8 41 34 00 B0 41 00 00 80 C0 04               
07 00 1C 00 00 00 0E 03 00 00 01 5A 5A 5A 5A 00 00 00 00 00 00 00 00 00 00 00 00 00 00 00 00 00 00 00 00 00 00 00 00 00 00 00 00 00 00 00 00 00 00 00 00 00 00 00 00 00 00 00 00 00 00 00 00 00 00 00 00 00 00 00 00 00 00 00 00 00 02 02 00 00 48 C2 34 00 B0 41 00 00 D0 41 04               
07 00 1D 00 00 00 E2 00 00 00 01 5A 5A 5A 5A 00 00 00 00 00 00 00 00 00 00 00 00 00 00 00 00 00 00 00 00 00 00 00 00 00 00 00 00 00 00 00 00 00 00 00 00 00 00 00 00 00 00 00 00 00 00 00 00 00 00 00 00 00 00 00 00 00 00 00 00 00 02 02 00 00 00 00 34 00 B0 41 00 00 3C 42 04               
07 00 1E 00 00 00 5A 03 00 00 01 5A 5A 5A 5A 00 00 00 00 00 00 00 00 00 00 00 00 00 00 00 00 00 00 00 00 00 00 00 00 00 00 00 00 00 00 00 00 00 00 00 00 00 00 00 00 00 00 00 00 00 00 00 00 00 00 00 00 00 00 00 00 00 00 00 00 00 02 02 00 00 14 C2 14 85 8F 41 00 00 70 C1 04               
07 00 1F 00 00 00 96 01 00 00 01 5A 5A 5A 5A 00 00 00 00 00 00 00 00 00 00 00 00 00 00 00 00 00 00 00 00 00 00 00 00 00 00 00 00 00 00 00 00 00 00 00 00 00 00 00 00 00 00 00 00 00 00 00 00 00 00 00 00 00 00 00 00 00 00 00 00 00 02 02 00 00 3C C2 34 00 B0 41 00 00 38 42 04               
07 00 20 00 00 00 FF 02 00 00 01 5A 5A 5A 5A 00 00 00 00 00 00 00 00 00 00 00 00 00 00 00 00 00 00 00 00 00 00 00 00 00 00 00 00 00 00 00 00 00 00 00 00 00 00 00 00 00 00 00 00 00 00 00 00 00 00 00 00 00 00 00 00 00 00 00 00 00 02 02 00 00 C0 C0 BE 1F DE 41 00 00 C8 41 04               
07 00 21 00 00 00 2F 04 00 00 01 5A 5A 5A 5A 00 00 00 00 00 00 00 00 00 00 00 00 00 00 00 00 00 00 00 00 00 00 00 00 00 00 00 00 00 00 00 00 00 00 00 00 00 00 00 00 00 00 00 00 00 00 00 00 00 00 00 00 00 00 00 00 00 00 00 00 00 02 02 00 00 98 C1 1E A7 69 41 00 00 0C C2 04               
07 00 22 00 00 00 BC 01 00 00 01 5A 5A 5A 5A 00 00 00 00 00 00 00 00 00 00 00 00 00 00 00 00 00 00 00 00 00 00 00 00 00 00 00 00 00 00 00 00 00 00 00 00 00 00 00 00 00 00 00 00 00 00 00 00 00 00 00 00 00 00 00 00 00 00 00 00 00 02 02 00 00 F0 C1 34 00 B0 41 00 00 28 42 04               
07 00 23 00 00 00 EA 02 00 00 01 5A 5A 5A 5A 00 00 00 00 00 00 00 00 00 00 00 00 00 00 00 00 00 00 00 00 00 00 00 00 00 00 00 00 00 00 00 00 00 00 00 00 00 00 00 00 00 00 00 00 00 00 00 00 00 00 00 00 00 00 00 00 00 00 00 00 00 02 02 00 00 48 C2 2A 52 97 41 00 00 20 C1 04               
07 00 24 00 00 00 E1 00 00 00 01 5A 5A 5A 5A 00 00 00 00 00 00 00 00 00 00 00 00 00 00 00 00 00 00 00 00 00 00 00 00 00 00 00 00 00 00 00 00 00 00 00 00 00 00 00 00 00 00 00 00 00 00 00 00 00 00 00 00 00 00 00 00 00 00 00 00 00 02 02 00 00 00 00 34 00 B0 41 00 00 3C 42 04               
07 00 25 00 00 00 64 02 00 00 01 5A 5A 5A 5A 00 00 00 00 00 00 00 00 00 00 00 00 00 00 00 00 00 00 00 00 00 00 00 00 00 00 00 00 00 00 00 00 00 00 00 00 00 00 00 00 00 00 00 00 00 00 00 00 00 00 00 00 00 00 00 00 00 00 00 00 00 02 02 00 00 48 C2 34 00 B0 41 00 00 0C 42 04               
07 00 26 00 00 00 84 00 00 00 01 5A 5A 5A 5A 00 00 00 00 00 00 00 00 00 00 00 00 00 00 00 00 00 00 00 00 00 00 00 00 00 00 00 00 00 00 00 00 00 00 00 00 00 00 00 00 00 00 00 00 00 00 00 00 00 00 00 00 00 00 00 00 00 00 00 00 00 02 02 00 00 3C C2 34 00 B0 41 00 00 A0 41 04               
07 00 27 00 00 00 F6 00 00 00 01 5A 5A 5A 5A 00 00 00 00 00 00 00 00 00 00 00 00 00 00 00 00 00 00 00 00 00 00 00 00 00 00 00 00 00 00 00 00 00 00 00 00 00 00 00 00 00 00 00 00 00 00 00 00 00 00 00 00 00 00 00 00 00 00 00 00 00 02 02 00 00 38 C2 34 00 B0 41 00 00 2C 42 04               
07 00 28 00 00 00 4C 04 00 00 01 5A 5A 5A 5A 00 00 00 00 00 00 00 00 00 00 00 00 00 00 00 00 00 00 00 00 00 00 00 00 00 00 00 00 00 00 00 00 00 00 00 00 00 00 00 00 00 00 00 00 00 00 00 00 00 00 00 00 00 00 00 00 00 00 00 00 00 02 02 00 00 00 40 07 99 84 41 00 00 88 C1 04               
xx xx ?? xx xx xx ?? ?? xx xx xx xx xx xx xx xx xx xx xx xx xx xx xx xx xx xx xx xx xx xx xx xx xx xx xx xx xx xx xx xx xx xx xx xx xx xx xx xx xx xx xx xx xx xx xx xx xx xx xx xx xx xx xx xx xx xx xx xx xx xx xx xx xx xx xx xx xx xx xx xx ?? ?? ?? ?? ?? ?? xx xx ?? ?? xx
